# The following table is formatted as tab separated values. 
#GeneName	GeneId	TranscriptId	BioType	variants_impact_HIGH	variants_impact_LOW	variants_impact_MODERATE	variants_impact_MODIFIER	variants_effect_DOWNSTREAM	variants_effect_EXON	variants_effect_INTRON	variants_effect_NON_SYNONYMOUS_CODING	variants_effect_SPLICE_SITE_ACCEPTOR	variants_effect_SPLICE_SITE_DONOR	variants_effect_SPLICE_SITE_REGION	variants_effect_START_GAINED	variants_effect_START_LOST	variants_effect_SYNONYMOUS_CODING	variants_effect_UPSTREAM	variants_effect_UTR_3_PRIME	variants_effect_UTR_5_PRIME
CG11374	FBgn0031214	FBtr0306541	protein_coding	1	10	4	260	144	0	0	4	0	0	0	0	1	10	112	1	3
CG11377	FBgn0031217	FBtr0078104	protein_coding	0	7	14	206	121	0	7	14	0	0	1	0	0	6	71	5	3
CG11377	FBgn0031217	FBtr0330636	protein_coding	0	5	13	209	121	0	12	13	0	0	0	0	0	5	71	2	3
CG13694	FBgn0031219	FBtr0078160	protein_coding	0	5	11	258	117	0	0	11	0	0	0	2	0	3	121	10	10
CG13694	FBgn0031219	FBtr0336838	protein_coding	0	3	11	250	117	0	0	11	0	0	0	0	0	3	122	10	1
CG3164	FBgn0025683	FBtr0078153	protein_coding	0	18	9	395	112	0	157	9	0	0	3	0	0	15	113	9	7
CG3164	FBgn0025683	FBtr0078154	protein_coding	0	18	9	351	112	0	123	9	0	0	3	0	0	15	104	9	6
CG3164	FBgn0025683	FBtr0078155	protein_coding	0	18	9	395	112	0	154	9	0	0	3	0	0	15	113	12	7
CG3164	FBgn0025683	FBtr0100379	protein_coding	0	18	9	351	112	0	120	9	0	0	3	0	0	15	104	12	6
CG31974	FBgn0051974	FBtr0300987	protein_coding	0	0	0	8	8	0	0	0	0	0	0	0	0	0	0	0	0
CG31974	FBgn0051974	FBtr0330644	protein_coding	0	0	0	8	8	0	0	0	0	0	0	0	0	0	0	0	0
CG31974	FBgn0051974	FBtr0330645	protein_coding	0	0	0	8	8	0	0	0	0	0	0	0	0	0	0	0	0
CG31975	FBgn0051975	FBtr0302195	protein_coding	0	0	0	58	58	0	0	0	0	0	0	0	0	0	0	0	0
CG31975	FBgn0051975	FBtr0302196	protein_coding	0	0	0	77	77	0	0	0	0	0	0	0	0	0	0	0	0
CG4822	FBgn0031220	FBtr0078156	protein_coding	0	13	15	329	155	0	56	15	0	0	2	0	0	11	109	8	3
CG4822	FBgn0031220	FBtr0078157	protein_coding	0	18	15	298	155	0	15	15	0	0	3	4	0	11	115	8	7
CG4822	FBgn0031220	FBtr0078158	protein_coding	0	15	15	298	155	0	18	15	0	0	2	2	0	11	112	8	7
CG4822	FBgn0031220	FBtr0078159	protein_coding	0	22	15	329	155	0	12	15	0	0	2	9	0	11	109	8	47
CG4822	FBgn0031220	FBtr0100307	protein_coding	0	16	15	301	154	0	16	15	0	0	2	3	0	11	115	12	6
CG4822	FBgn0031220	FBtr0100308	protein_coding	0	18	15	298	155	0	12	15	0	0	2	5	0	11	115	8	10
CG4822	FBgn0031220	FBtr0100309	protein_coding	0	5	5	318	155	0	18	5	0	0	2	2	0	1	115	28	4
CG4822	FBgn0031220	FBtr0100310	protein_coding	0	3	3	320	158	0	15	3	0	0	0	2	0	1	115	28	4
CG4822	FBgn0031220	FBtr0330646	protein_coding	0	4	3	321	155	0	20	3	0	0	1	2	0	1	115	28	4
CR11023	FBgn0031208	FBtr0475186	pseudogene	0	2	0	297	127	64	3	0	0	0	2	0	0	0	105	0	0
Cda5	FBgn0051973	FBtr0078163	protein_coding	1	32	33	903	95	0	653	33	1	0	3	0	0	30	132	22	4
Cda5	FBgn0051973	FBtr0078164	protein_coding	1	40	68	860	95	0	610	68	1	0	3	0	0	38	132	22	4
Cda5	FBgn0051973	FBtr0113416	protein_coding	0	30	31	908	95	0	658	31	0	0	4	0	0	27	132	22	4
Cda5	FBgn0051973	FBtr0309225	protein_coding	1	43	53	873	95	0	618	53	1	0	3	1	0	40	132	22	9
Cda5	FBgn0051973	FBtr0309226	protein_coding	1	48	68	1019	95	0	782	68	1	0	3	0	0	46	123	22	0
Cda5	FBgn0051973	FBtr0309227	protein_coding	0	29	24	916	95	0	664	24	0	0	3	0	0	27	132	22	5
Cda5	FBgn0051973	FBtr0309228	protein_coding	1	38	59	872	95	0	610	59	1	0	3	1	0	35	132	22	16
Cda5	FBgn0051973	FBtr0309229	protein_coding	1	49	72	847	95	0	592	72	1	0	3	0	0	47	132	22	9
FBti0019092	FBti0019092	FBti0019092-RA		0	0	0	345	171	27	0	0	0	0	0	0	0	0	147	0	0
FBti0019093	FBti0019093	FBti0019093-RA		0	0	0	284	124	26	0	0	0	0	0	0	0	0	134	0	0
FBti0059810	FBti0059810	FBti0059810-RA		0	0	0	303	202	0	0	0	0	0	0	0	0	0	101	0	0
FBti0059812	FBti0059812	FBti0059812-RA		0	0	0	204	93	8	0	0	0	0	0	0	0	0	103	0	0
FBti0059814	FBti0059814	FBti0059814-RA		0	0	0	173	75	10	0	0	0	0	0	0	0	0	88	0	0
FBti0059816	FBti0059816	FBti0059816-RA		0	0	0	297	150	15	0	0	0	0	0	0	0	0	132	0	0
FBti0059818	FBti0059818	FBti0059818-RA		0	0	0	294	147	5	0	0	0	0	0	0	0	0	142	0	0
FBti0059819	FBti0059819	FBti0059819-RA		0	0	0	273	151	0	0	0	0	0	0	0	0	0	122	0	0
FBti0060557	FBti0060557	FBti0060557-RA		0	0	0	263	104	31	0	0	0	0	0	0	0	0	128	0	0
FBti0060562	FBti0060562	FBti0060562-RA		0	0	0	249	121	2	0	0	0	0	0	0	0	0	126	0	0
FBti0060580	FBti0060580	FBti0060580-RA		0	0	0	304	104	10	0	0	0	0	0	0	0	0	190	0	0
Gs1	FBgn0001142	FBtr0078114	protein_coding	0	10	3	223	57	0	5	3	0	0	0	0	0	10	141	16	4
Gs1	FBgn0001142	FBtr0078115	protein_coding	0	10	3	223	57	0	0	3	0	0	0	0	0	10	141	16	9
Gs1	FBgn0001142	FBtr0300568	protein_coding	0	10	3	223	65	0	5	3	0	0	0	0	0	10	141	8	4
Ir21a	FBgn0031209	FBtr0113008	protein_coding	0	15	18	264	144	0	21	18	0	0	1	0	0	14	97	3	0
ND-15	FBgn0031228	FBtr0306542	protein_coding	0	2	0	654	0	0	530	0	0	0	0	2	0	0	114	0	10
ND-15	FBgn0031228	FBtr0330638	protein_coding	0	2	0	654	0	0	530	0	0	0	0	2	0	0	114	0	10
ND-15	FBgn0031228	FBtr0330639	protein_coding	0	2	0	654	0	0	530	0	0	0	0	2	0	0	114	0	10
Nhe1	FBgn0026787	FBtr0301452	protein_coding	0	22	10	235	84	0	2	10	0	0	1	1	0	21	134	14	1
Sam-S	FBgn0005278	FBtr0089428	protein_coding	0	4	1	393	136	0	124	1	0	0	2	0	0	2	105	24	6
Sam-S	FBgn0005278	FBtr0089429	protein_coding	0	11	2	390	138	0	125	2	0	0	1	0	0	10	105	17	6
Sam-S	FBgn0005278	FBtr0089430	protein_coding	0	12	2	384	138	0	115	2	0	0	1	1	0	10	108	17	7
Sam-S	FBgn0005278	FBtr0089431	protein_coding	0	14	2	382	138	0	114	2	0	0	2	1	0	11	108	17	7
Sam-S	FBgn0005278	FBtr0089432	protein_coding	0	12	2	379	136	0	115	2	0	0	1	1	0	10	108	14	7
Sam-S	FBgn0005278	FBtr0089433	protein_coding	0	11	2	379	138	0	115	2	0	0	1	0	0	10	108	17	2
Sam-S	FBgn0005278	FBtr0089434	protein_coding	0	11	2	379	138	0	110	2	0	0	1	0	0	10	108	17	7
Sam-S	FBgn0005278	FBtr0089435	protein_coding	0	13	2	377	138	0	114	2	0	0	2	0	0	11	108	17	2
Sam-S	FBgn0005278	FBtr0089436	protein_coding	0	14	1	342	136	0	75	1	0	0	2	2	0	10	114	14	5
Sam-S	FBgn0005278	FBtr0089437	protein_coding	0	12	2	416	138	0	150	2	0	0	1	1	0	10	105	17	7
Sam-S	FBgn0005278	FBtr0308091	protein_coding	0	3	2	324	127	0	78	2	0	0	1	0	0	2	105	8	6
Sam-S	FBgn0005278	FBtr0330656	protein_coding	0	3	1	400	138	0	119	1	0	0	1	1	0	1	105	27	12
Zir	FBgn0031216	FBtr0078103	protein_coding	0	53	19	254	107	0	20	19	0	0	6	0	0	47	127	4	2
asRNA:CR43609	FBgn0263584	FBtr0309810	lincRNA	0	0	0	273	96	32	2	0	0	0	0	0	0	0	143	0	0
asRNA:CR44969	FBgn0266304	FBtr0344032	lincRNA	1	3	0	264	131	16	4	0	0	1	3	0	0	0	117	0	0
asRNA:CR44987	FBgn0266322	FBtr0344052	lincRNA	0	0	0	287	127	68	0	0	0	0	0	0	0	0	92	0	0
asRNA:CR44987	FBgn0266322	FBtr0344053	lincRNA	0	1	0	286	127	67	1	0	0	0	1	0	0	0	92	0	0
dbr	FBgn0067779	FBtr0078100	protein_coding	1	29	38	297	112	0	12	38	1	0	0	4	0	25	152	7	15
dbr	FBgn0067779	FBtr0306536	protein_coding	1	29	38	285	103	0	12	38	1	0	0	4	0	25	152	4	15
dbr	FBgn0067779	FBtr0306537	protein_coding	1	27	38	296	112	0	20	38	1	0	1	1	0	25	152	7	7
dbr	FBgn0067779	FBtr0306538	protein_coding	1	26	38	285	103	0	20	38	1	0	0	1	0	25	152	4	7
dbr	FBgn0067779	FBtr0306539	protein_coding	2	27	38	309	112	0	27	38	2	0	0	2	0	25	151	7	14
galectin	FBgn0031213	FBtr0078101	protein_coding	0	9	14	292	125	0	47	14	0	0	2	1	0	7	115	2	4
galectin	FBgn0031213	FBtr0301733	protein_coding	0	6	10	264	125	0	10	10	0	0	2	2	0	3	122	2	6
galectin	FBgn0031213	FBtr0302164	protein_coding	0	6	12	272	125	0	27	12	0	0	2	0	0	5	118	2	1
galectin	FBgn0031213	FBtr0306540	protein_coding	1	6	10	315	125	0	72	10	1	0	3	1	0	3	114	2	5
galectin	FBgn0031213	FBtr0331680	protein_coding	0	8	7	279	125	0	23	7	0	0	2	3	0	3	118	2	12
l(2)gl	FBgn0002121	FBtr0078166	protein_coding	0	25	26	520	198	0	186	26	0	0	1	1	0	23	99	36	2
l(2)gl	FBgn0002121	FBtr0078167	protein_coding	0	25	25	522	198	0	186	25	0	0	1	2	0	22	99	36	4
l(2)gl	FBgn0002121	FBtr0078168	protein_coding	1	25	25	521	198	0	187	25	1	0	1	2	0	22	99	36	3
l(2)gl	FBgn0002121	FBtr0078169	protein_coding	0	25	25	522	198	0	186	25	0	0	1	2	0	22	99	36	4
l(2)gl	FBgn0002121	FBtr0078170	protein_coding	0	25	26	472	198	0	106	26	0	0	2	0	0	23	124	36	10
l(2)gl	FBgn0002121	FBtr0078171	protein_coding	0	25	26	472	198	0	103	26	0	0	2	0	0	23	124	36	13
l(2)gl	FBgn0002121	FBtr0306589	protein_coding	1	27	26	518	198	0	181	26	1	0	2	2	0	23	99	36	7
l(2)gl	FBgn0002121	FBtr0306590	protein_coding	0	25	26	519	198	0	183	26	0	0	2	0	0	23	99	36	5
l(2)gl	FBgn0002121	FBtr0306591	protein_coding	0	27	26	519	198	0	180	26	0	0	2	2	0	23	99	36	8
l(2)gl	FBgn0002121	FBtr0306592	protein_coding	1	27	26	518	198	0	178	26	1	0	2	2	0	23	99	36	10
l(2)gl	FBgn0002121	FBtr0330655	protein_coding	0	26	23	523	198	0	184	23	0	0	2	2	0	22	99	36	8
lncRNA:CR44185	FBgn0265074	FBtr0336836	lincRNA	0	0	0	139	6	22	0	0	0	0	0	0	0	0	111	0	0
lncRNA:CR44186	FBgn0265075	FBtr0336837	lincRNA	1	0	0	117	0	4	2	0	0	1	0	0	0	0	112	0	0
lncRNA:CR45339	FBgn0266878	FBtr0345732	lincRNA	0	0	0	273	121	9	0	0	0	0	0	0	0	0	143	0	0
lncRNA:CR45340	FBgn0266879	FBtr0345733	lincRNA	0	0	0	268	113	8	0	0	0	0	0	0	0	0	147	0	0
lncRNA:CR46254	FBgn0267987	FBtr0347585	lincRNA	0	0	0	262	145	20	0	0	0	0	0	0	0	0	97	0	0
net	FBgn0002931	FBtr0290323	protein_coding	0	15	10	365	142	0	70	10	0	0	1	1	0	13	130	17	7
net	FBgn0002931	FBtr0330637	protein_coding	0	15	10	358	143	0	70	10	0	0	1	1	0	13	130	9	7
ovm	FBgn0051976	FBtr0302194	protein_coding	0	0	0	77	77	0	0	0	0	0	0	0	0	0	0	0	0
ovm	FBgn0051976	FBtr0346127	protein_coding	0	0	0	77	77	0	0	0	0	0	0	0	0	0	0	0	0
